0.01  5.044361e-12
0.011  8.350619e-8
0.012  0.0001035
0.013  0.017885
0.014  0.8876448
0.015  16.91062
0.016  167.7267
0.017  990.0997
0.018  3975.039
0.019  12203.55
0.020  30097.98
0.021  62670.45
0.022  113856.5
0.023  186475.5
0.024  280160.9
0.025  386597.1
0.026  514730.8
0.027  650520.6
0.028  793727.8
0.029  935845.7
0.030  1.065719e+6
0.031  1.192931e+6
0.032  1.315079e+6
0.033  1.423022e+6
0.034  1.517519e+6
0.035  1.597281e+6
0.036  1.664715e+6
0.037  1.719968e+6
0.038  1.763251e+6
0.039  1.792247e+6
0.040  1.813856e+6
0.041  1.825137e+6
0.042  1.826346e+6
0.043  1.820284e+6
0.044  1.808011e+6
0.045  1.789518e+6
0.046  1.767030e+6
0.047  1.738580e+6
0.048  1.704152e+6
0.049  1.670491e+6
0.050  1.631306e+6
0.051  1.588892e+6
0.052  1.544643e+6
0.053  1.501132e+6
0.054  1.454457e+6
0.055  1.406727e+6
0.056  1.356590e+6
0.057  1.307525e+6
0.058  1.729463e+6
0.059  2.034120e+6
0.060  1.157140e+6
0.061  1.106394e+6
0.062  1.055720e+6
0.063  1.004083e+6
0.064  954585.2
0.065  902505.9
0.066  852706.5
0.067  1.085036e+6
0.068  750201.1
0.069  774367.9
0.070  611015.3
0.071  564918.4
0.072  519009
0.073  471280.3
0.074  422874.5
0.075  373161.9
0.076  317979.7
0.077  263057
0.078  207262.8
0.079  114989.3
0.080  0